                      [38;2;78;168;83m▀[0m[38;2;78;168;83m[48;2;78;168;83m▀[0m[38;2;78;168;83m▀[0m
 [38;2;44;62;80m▀[0m[38;2;78;168;83m▀[0m[38;2;44;62;80m▀[0m                 [38;2;78;168;83m[48;2;78;168;83m▀[0m[38;2;78;168;83m[48;2;78;168;83m▀[0m[38;2;78;168;83m[48;2;78;168;83m▀[0m[38;2;78;168;83m▀[0m
 [38;2;78;168;83m[48;2;78;168;83m▀[0m[38;2;78;168;83m[48;2;78;168;83m▀[0m[38;2;44;62;80m▀[0m             [38;2;78;168;83m[48;2;78;168;83m▀[0m[38;2;78;168;83m[48;2;78;168;83m▀[0m[38;2;78;168;83m[48;2;78;168;83m▀[0m[38;2;78;168;83m▀[0m
  [38;2;78;168;83m[48;2;78;168;83m▀[0m[38;2;78;168;83m[48;2;78;168;83m▀[0m[38;2;78;168;83m▀[0m           [38;2;78;168;83m[48;2;78;168;83m▀[0m[38;2;78;168;83m[48;2;78;168;83m▀[0m[38;2;78;168;83m[48;2;78;168;83m▀[0m[38;2;78;168;83m[48;2;78;168;83m▀[0m[38;2;78;168;83m▀[0m
   [38;2;78;168;83m[48;2;78;168;83m▀[0m[38;2;78;168;83m[48;2;78;168;83m▀[0m[38;2;44;62;80m[48;2;78;168;83m▀[0m[38;2;241;196;15m[48;2;78;168;83m▀[0m[38;2;241;196;15m[48;2;78;168;83m▀[0m[38;2;241;196;15m[48;2;78;168;83m▀[0m[38;2;44;62;80m[48;2;78;168;83m▀[0m[38;2;78;168;83m[48;2;78;168;83m▀[0m[38;2;78;168;83m[48;2;78;168;83m▀[0m[38;2;78;168;83m[48;2;78;168;83m▀[0m     
 [38;2;78;168;83m[48;2;78;168;83m▀[0m[38;2;78;168;83m[48;2;78;168;83m▀[0m[38;2;78;168;83m[48;2;78;168;83m▀[0m[38;2;78;168;83m[48;2;78;168;83m▀[0m[38;2;78;168;83m[48;2;78;168;83m▀[0m[38;2;78;168;83m[48;2;78;168;83m▀[0m[38;2;78;168;83m[48;2;78;168;83m▀[0m[38;2;78;168;83m[48;2;78;168;83m▀[0m[38;2;78;168;83m[48;2;78;168;83m▀[0m[38;2;78;168;83m[48;2;78;168;83m▀[0m[38;2;78;168;83m[48;2;78;168;83m▀[0m[38;2;78;168;83m[48;2;78;168;83m▀[0m[38;2;78;168;83m[48;2;78;168;83m▀[0m[38;2;78;168;83m[48;2;78;168;83m▀[0m[38;2;78;168;83m[48;2;78;168;83m▀[0m[38;2;78;168;83m[48;2;78;168;83m▀[0m[38;2;78;168;83m[48;2;78;168;83m▀[0m[38;2;78;168;83m[48;2;78;168;83m▀[0m[38;2;78;168;83m[48;2;78;168;83m▀[0m[38;2;78;168;83m[48;2;78;168;83m▀[0m    
[38;2;78;168;83m[48;2;78;168;83m▀[0m[38;2;78;168;83m[48;2;78;168;83m▀[0m[38;2;78;168;83m[48;2;78;168;83m▀[0m[38;2;78;168;83m[48;2;78;168;83m▀[0m[38;2;78;168;83m[48;2;78;168;83m▀[0m[38;2;78;168;83m[48;2;78;168;83m▀[0m[38;2;78;168;83m[48;2;78;168;83m▀[0m[38;2;78;168;83m[48;2;78;168;83m▀[0m[38;2;78;168;83m[48;2;78;168;83m▀[0m[38;2;78;168;83m[48;2;78;168;83m▀[0m[38;2;78;168;83m[48;2;78;168;83m▀[0m[38;2;78;168;83m[48;2;78;168;83m▀[0m[38;2;78;168;83m[48;2;78;168;83m▀[0m[38;2;78;168;83m[48;2;78;168;83m▀[0m[38;2;78;168;83m[48;2;78;168;83m▀[0m[38;2;78;168;83m[48;2;78;168;83m▀[0m[38;2;78;168;83m[48;2;78;168;83m▀[0m[38;2;78;168;83m[48;2;78;168;83m▀[0m[38;2;78;168;83m[48;2;78;168;83m▀[0m[38;2;78;168;83m[48;2;78;168;83m▀[0m[38;2;78;168;83m[48;2;78;168;83m▀[0m[38;2;78;168;83m[48;2;78;168;83m▀[0m[38;2;78;168;83m[48;2;78;168;83m▀[0m[38;2;78;168;83m▀[0m
 [38;2;44;62;80m[48;2;78;168;83m▀[0m[38;2;78;168;83m[48;2;78;168;83m▀[0m[38;2;78;168;83m[48;2;78;168;83m▀[0m [38;2;78;168;83m[48;2;78;168;83m▀[0m[38;2;78;168;83m[48;2;78;168;83m▀[0m[38;2;78;168;83m[48;2;78;168;83m▀[0m[38;2;241;196;15m[48;2;78;168;83m▀[0m[38;2;241;196;15m[48;2;78;168;83m▀[0m[38;2;241;196;15m[48;2;78;168;83m▀[0m [38;2;44;62;80m[48;2;78;168;83m▀[0m[38;2;78;168;83m[48;2;78;168;83m▀[0m[38;2;44;62;80m[48;2;78;168;83m▀[0m  [38;2;78;168;83m[48;2;78;168;83m▀[0m[38;2;78;168;83m[48;2;78;168;83m▀[0m[38;2;78;168;83m[48;2;78;168;83m▀[0m[38;2;78;168;83m[48;2;78;168;83m▀[0m[38;2;78;168;83m[48;2;78;168;83m▀[0m[38;2;78;168;83m[48;2;78;168;83m▀[0m
 [38;2;78;168;83m[48;2;78;168;83m▀[0m[38;2;78;168;83m[48;2;78;168;83m▀[0m[38;2;78;168;83m[48;2;78;168;83m▀[0m[38;2;78;168;83m[48;2;78;168;83m▀[0m[38;2;78;168;83m[48;2;78;168;83m▀[0m[38;2;78;168;83m[48;2;78;168;83m▀[0m[38;2;78;168;83m[48;2;78;168;83m▀[0m[38;2;78;168;83m[48;2;78;168;83m▀[0m[38;2;78;168;83m[48;2;78;168;83m▀[0m[38;2;78;168;83m[48;2;78;168;83m▀[0m[38;2;78;168;83m[48;2;78;168;83m▀[0m[38;2;78;168;83m[48;2;78;168;83m▀[0m[38;2;78;168;83m[48;2;78;168;83m▀[0m[38;2;78;168;83m[48;2;78;168;83m▀[0m[38;2;78;168;83m[48;2;78;168;83m▀[0m[38;2;78;168;83m[48;2;78;168;83m▀[0m[38;2;78;168;83m[48;2;78;168;83m▀[0m[38;2;78;168;83m[48;2;78;168;83m▀[0m[38;2;78;168;83m[48;2;78;168;83m▀[0m[38;2;78;168;83m[48;2;78;168;83m▀[0m[38;2;78;168;83m[48;2;78;168;83m▀[0m[38;2;78;168;83m[48;2;78;168;83m▀[0m[38;2;78;168;83m[48;2;78;168;83m▀[0m
[38;2;78;168;83m[48;2;78;168;83m▀[0m[38;2;78;168;83m[48;2;78;168;83m▀[0m[38;2;78;168;83m[48;2;78;168;83m▀[0m[38;2;78;168;83m[48;2;78;168;83m▀[0m[38;2;78;168;83m[48;2;78;168;83m▀[0m[38;2;78;168;83m[48;2;78;168;83m▀[0m[38;2;78;168;83m[48;2;78;168;83m▀[0m[38;2;78;168;83m[48;2;78;168;83m▀[0m[38;2;78;168;83m[48;2;78;168;83m▀[0m[38;2;78;168;83m[48;2;78;168;83m▀[0m[38;2;78;168;83m[48;2;78;168;83m▀[0m   [38;2;78;168;83m[48;2;78;168;83m▀[0m[38;2;78;168;83m[48;2;78;168;83m▀[0m[38;2;78;168;83m[48;2;78;168;83m▀[0m[38;2;78;168;83m[48;2;78;168;83m▀[0m[38;2;78;168;83m[48;2;78;168;83m▀[0m[38;2;44;62;80m[48;2;78;168;83m▀[0m[38;2;78;168;83m[48;2;78;168;83m▀[0m[38;2;78;168;83m[48;2;78;168;83m▀[0m[38;2;78;168;83m[48;2;78;168;83m▀[0m
      [38;2;78;168;83m[48;2;78;168;83m▀[0m[38;2;78;168;83m[48;2;78;168;83m▀[0m[38;2;78;168;83m[48;2;78;168;83m▀[0m[38;2;78;168;83m[48;2;78;168;83m▀[0m  [38;2;44;62;80m[48;2;78;168;83m▀[0m[38;2;78;168;83m[48;2;78;168;83m▀[0m[38;2;78;168;83m[48;2;78;168;83m▀[0m[38;2;78;168;83m[48;2;78;168;83m▀[0m[38;2;78;168;83m[48;2;78;168;83m▀[0m[38;2;78;168;83m[48;2;78;168;83m▀[0m[38;2;78;168;83m[48;2;78;168;83m▀[0m[38;2;78;168;83m[48;2;78;168;83m▀[0m[38;2;78;168;83m[48;2;78;168;83m▀[0m  [38;2;78;168;83m[48;2;44;62;80m▀[0m
            [38;2;78;168;83m[48;2;78;168;83m▀[0m[38;2;78;168;83m[48;2;78;168;83m▀[0m[38;2;78;168;83m[48;2;78;168;83m▀[0m[38;2;78;168;83m[48;2;78;168;83m▀[0m[38;2;78;168;83m[48;2;78;168;83m▀[0m[38;2;78;168;83m[48;2;78;168;83m▀[0m[38;2;78;168;83m[48;2;78;168;83m▀[0m[38;2;78;168;83m[48;2;78;168;83m▀[0m     [38;2;44;62;80m▀[0m
       [38;2;78;168;83m▀[0m[38;2;78;168;83m[48;2;78;168;83m▀[0m[38;2;78;168;83m[48;2;78;168;83m▀[0m[38;2;78;168;83m[48;2;78;168;83m▀[0m[38;2;78;168;83m[48;2;78;168;83m▀[0m[38;2;78;168;83m[48;2;78;168;83m▀[0m[38;2;241;196;15m[48;2;78;168;83m▀[0m[38;2;241;196;15m[48;2;78;168;83m▀[0m[38;2;241;196;15m[48;2;78;168;83m▀[0m[38;2;78;168;83m[48;2;78;168;83m▀[0m[38;2;78;168;83m[48;2;78;168;83m▀[0m[38;2;78;168;83m[48;2;78;168;83m▀[0m[38;2;78;168;83m[48;2;78;168;83m▀[0m[38;2;78;168;83m[48;2;78;168;83m▀[0m[38;2;78;168;83m[48;2;78;168;83m▀[0m[38;2;78;168;83m[48;2;78;168;83m▀[0m[38;2;78;168;83m[48;2;78;168;83m▀[0m[38;2;78;168;83m[48;2;78;168;83m▀[0m
     [38;2;44;62;80m▀[0m[38;2;78;168;83m▀[0m[38;2;78;168;83m▀[0m[38;2;78;168;83m▀[0m[38;2;78;168;83m▀[0m[38;2;78;168;83m▀[0m[38;2;78;168;83m▀[0m[38;2;78;168;83m▀[0m[38;2;78;168;83m▀[0m[38;2;78;168;83m▀[0m[38;2;78;168;83m▀[0m[38;2;78;168;83m▀[0m[38;2;78;168;83m▀[0m[38;2;78;168;83m▀[0m[38;2;78;168;83m▀[0m[38;2;78;168;83m▀[0m[38;2;78;168;83m▀[0m[38;2;78;168;83m▀[0m[38;2;78;168;83m▀[0m[38;2;78;168;83m▀[0m[38;2;78;168;83m▀[0m
